# l3_l2/abs02.RSF.ASC # level | #ofdataEntries | storageOverhead 
3 4 5000.0
2 243 303750.0
1 14737 1.842125E7
  
  
# l3_l2/bit02.RSF.ASC 
3 3 3750.0
2 207 258750.0
1 14201 1.775125E7
  
  
# l3_l2/dia02.RSF.ASC 
3 2 2500.0
2 199 248750.0
1 18561 2.320125E7
  
  
# l3_l2/par02.RSF.ASC 
3 4 5000.0
2 250 312500.0
1 16671 2.083875E7
  
  
# l3_l2/ped02.RSF.ASC 
3 4 5000.0
2 209 261250.0
1 14645 1.830625E7
  
  
# l3_l2/pha02.RSF.ASC 
3 3 3750.0
2 237 296250.0
1 16034 2.00425E7
  
  
# l3_l2/rea02.RSF.ASC 
3 6 7500.0
2 414 517500.0
1 27216 3.402E7
  
  
# l3_l2/uni02.RSF.ASC 
3 3 3750.0
2 192 240000.0
1 13920 1.74E7
