# learning rate:0.0001
1, 0.5
2, 0.52483558029311805360
3, 0.50236653805614339685
4, 0.50023529808179045819
5, 0.50002351613561524246
6, 0.50000235147672689173
7, 0.50000023514630476118
8, 0.50000002351461636518
9, 0.50000000235146180305
10, 0.50000000023514612479
11, 0.50000000002351452366
12, 0.50000000000235200748
13, 0.50000000000023503421
14, 0.50000000000001576517
15, 0.50000000000000022204


# learning rate:0.001
1, 0.5
2, 0.71038890044786606737
3, 0.52483558029311805360
4, 0.50236653805614339685
5, 0.50023529808179045819
6, 0.50002351613561524246
7, 0.50000235147672689173
8, 0.50000023514630476118
9, 0.50000002351461636518
10, 0.50000000235146180305
11, 0.50000000023514612479
12, 0.50000000002351452366
13, 0.50000000000235200748
14, 0.50000000000023503421
15, 0.50000000000001576517
16, 0.50000000000000022204


# learning rate:0.01
1, 0.5
2, 0.88220543270813489567
3, 0.71038890044786606737
4, 0.52483558029311805360
5, 0.50236653805614339685
6, 0.50023529808179045819
7, 0.50002351613561524246
8, 0.50000235147672689173
9, 0.50000023514630476118
10, 0.50000002351461636518
11, 0.50000000235146180305
12, 0.50000000023514612479
13, 0.50000000002351452366
14, 0.50000000000235200748
15, 0.50000000000023503421
16, 0.50000000000001576517
17, 0.50000000000000022204


# learning rate:0.1
1, 0.5
2, 0.77847157841270642198
3, 0.88220543270813489567
4, 0.71038890044786606737
5, 0.52483558029311805360
6, 0.50236653805614339685
7, 0.50023529808179045819
8, 0.50002351613561524246
9, 0.50000235147672689173
10, 0.50000023514630476118
11, 0.50000002351461636518
12, 0.50000000235146180305
13, 0.50000000023514612479
14, 0.50000000002351452366
15, 0.50000000000235200748
16, 0.50000000000023503421
17, 0.50000000000001576517
18, 0.50000000000000022204


