#DR-trees
10		4424.758142	
100		772.8467966	
1000	103.8647869	
2000	72.66981793	
3000	53.99818969	
4000	44.70078894	
5000	40.46887447	
6000	39.25607464	
7000	35.38880381	
8000	32.93224517	
9000	33.26754117	
10000	29.62186072	
100000	25.29370138	


#dvsi
10		1026.264153
100		206.8121084
1000	56.87255455
2000	50.8104419
3000	45.06591418
4000	52.46228658
5000	44.59880273
6000	40.29248428
7000	40.73566305
8000	39.28297685
9000	44.09524509
10000	42.4337427
100000	40.56764038

#rtree_vs_vsiTimeSlices.eps
#rtree_vs_vsiResolution.eps