########################################################
## Number of clusters: 3
########################################################
## Size: 30
########################################################
## Cluster: 0
## Density correction factor: 1.0
## Generators:
##   NormalDistribution(mean=0.0, stddev=10.0)
##   NormalDistribution(mean=0.0, stddev=10.0)
## Discards: 0 Retries left: 1000
## Density correction factor estimation: 1.0
########################################################
20.8119273751133 -3.5897997256242977 0
-2.169931182687307 -3.3596795387945817 0
-2.8841547313434694 -12.699588733704775 0
-19.391443962311303 -12.521320105154816 0
5.686863704341473 30.668167454576366 0
5.568923361120943 1.431229944474874 0
-2.4850512939273077 10.580306025463726 0
-8.905307456643335 9.588826841500946 0
6.950752508034329 -1.9628008903139609 0
6.4478391964616915 -8.826524260734242 0
-7.578114091247751 -21.941021806556744 0
3.310521961809216 -10.532113597934798 0
3.38265179589947 -10.226367101311522 0
-3.198800441196585 -4.211213625539219 0
7.404652603539037 -31.295975440833708 0
2.2706896960968246 -6.624910904254931 0
-15.710476963829219 -8.566149318613409 0
-3.027359612017269 2.3933714638606056 0
0.6100218553060981 0.0432323254202005 0
-5.412061089328175 5.517365176429374 0
1.092851418829862 3.8453040566688115 0
10.970947877929396 -3.1759530684276607 0
-10.023353386111237 6.153136352028068 0
-0.08879262448521916 -3.5800081029370068 0
-11.297385392760992 -0.9783970068445758 0
-5.857989141256297 2.2034443148128315 0
-3.7538400528906446 -10.758713623131548 0
15.065528621315146 -14.266738744266597 0
1.0361910383760582 -8.728633202177651 0
-2.835221166707359 -8.651054006966707 0


########################################################
## Size: 30
########################################################
## Cluster: 1
## Density correction factor: 1.0
## Generators:
##   NormalDistribution(mean=50.0, stddev=10.0)
##   NormalDistribution(mean=50.0, stddev=10.0)
## Discards: 0 Retries left: 1000
## Density correction factor estimation: 1.0
########################################################
44.50366398297804 57.665974284808975 1
29.19336056589307 52.64620111628948 1
47.499888439447545 53.11968292415933 1
39.6057170134937 41.97965141859086 1
52.33293655591904 34.08837494151527 1
40.6083390501426 46.959502811194966 1
61.29808318910454 38.05839112721917 1
56.855552860764725 47.673102201553 1
41.06193462924479 48.56340195389952 1
41.54367474557801 50.15746053601136 1
47.75971894378511 50.86244716042188 1
60.30472910371746 11.62678814554706 1
43.603915510483276 43.72068337661506 1
43.04892219828353 54.238340963745244 1
40.78701677431758 56.07192494711326 1
52.15144043537089 43.71479980569039 1
58.6270292147278 42.929894929354205 1
40.79922893285078 63.69627049605142 1
56.071361385560074 43.22579516227357 1
44.4895887323504 34.552510345637536 1
37.59145610694256 57.25936001875158 1
57.45948983608105 58.9180077087757 1
54.25506436531942 50.435989975042396 1
50.520464009147545 47.513764064878124 1
41.84262053470382 50.86969254671975 1
55.055274523924076 57.06362575648966 1
40.58162273761326 41.03643423346554 1
47.511817458065316 65.02131152423811 1
39.28731987345167 46.10224080966635 1
50.29230832003918 59.66910796100096 1


########################################################
## Size: 30
########################################################
## Cluster: 2
## Density correction factor: 1.0
## Generators:
##   NormalDistribution(mean=100.0, stddev=10.0)
##   NormalDistribution(mean=100.0, stddev=10.0)
## Discards: 0 Retries left: 1000
## Density correction factor estimation: 1.0
########################################################
101.75552909610045 70.59707385079105 2
117.55994740479044 100.76717761220532 2
95.89077146731725 105.9167340566018 2
86.13043782065263 93.55378696166899 2
102.77619659874341 81.44564181303305 2
106.17706375033767 81.85469895851249 2
116.23493995807546 95.24412510094172 2
98.65556436189381 86.82058465652456 2
86.13766426924761 99.50737279528012 2
129.00401632591965 108.50869542047776 2
120.12374695174097 109.8160739975255 2
101.38001691399194 109.05077032310194 2
102.61798899632372 87.05850803008012 2
91.74662525341591 103.10704447710869 2
90.62973383095897 109.92931797951039 2
89.13738525914984 101.80158298290097 2
104.0440318615138 99.9056844666326 2
90.47422897429003 103.78499715437111 2
100.68045921237245 109.87359354598011 2
87.85807646467197 96.97525932885786 2
103.02165924964146 84.9466346047021 2
91.0430528883055 85.36513143512703 2
92.32312344129224 113.49734719263503 2
92.27039385735465 98.51880733390837 2
91.28547528165424 109.20528287612144 2
108.81586868802387 91.46759090381629 2
114.7430212959649 85.89464627707692 2
109.6931514897967 90.0292701805087 2
103.31515252489778 101.33368459026897 2
95.17382092156822 82.92122090793522 2
