#Grid Size, abs03, bit03, dia03, par03, ped03, pha03, rea03, uni03 #roaring
1000	124.869233	2062459	17943	43422418	436583	2162357	19339783	2121095
2000	809153725	2709554	36458	204946921	1029548	2783758	23560792	2976180
3000	1921792643	3597026	55100	493137355	1537888	4216674	24531014	5006830
4000	925825		2520877	74429	129466329	1360452	2589115	23969895	2524071

#Grid Size, abs03, bit03, dia03, par03, ped03, pha03, rea03, uni03 #wah
1000	123897360	5784224	21152	39152188	989216	7344908	15777332	7750040	
2000	365381724	7214608	46892	242966396	1737528	8097640	61576636	7939984
3000	11323912	7594300	68700	328489572	2290632	8172132	76628104	7939396
4000	8396		7755188	85316	170214544	2699092	8185872	83445016	7941208	

#Grid Size, abs03, bit03, dia03, par03, ped03, pha03, rea03, uni03 #gzip
1000	1803960979	3028922	9857	347167659	424213	3486326	27590284	3571998
2000	8755263509	3519810	22380	11960287207	792872	3975447	34717243	3913190
3000	9723612554	3724898	32365	29643833812	1182446	4022456	37388743	3912198
