########################################################
## Number of clusters: 3
########################################################
## Size: 30
########################################################
## Cluster: 0
## Density correction factor: 1.0
## Generators:
##   NormalDistribution(mean=0.0, stddev=10.0)
##   NormalDistribution(mean=0.0, stddev=10.0)
## Discards: 0 Retries left: 1000
## Density correction factor estimation: 1.0
########################################################
20.8119273751133 -3.5897997256242977 0
-2.169931182687307 -3.3596795387945817 0
-2.8841547313434694 -12.699588733704775 0
-19.391443962311303 -12.521320105154816 0
5.686863704341473 30.668167454576366 0
5.568923361120943 1.431229944474874 0
-2.4850512939273077 10.580306025463726 0
-8.905307456643335 9.588826841500946 0
6.950752508034329 -1.9628008903139609 0
6.4478391964616915 -8.826524260734242 0
-7.578114091247751 -21.941021806556744 0
3.310521961809216 -10.532113597934798 0
3.38265179589947 -10.226367101311522 0
-3.198800441196585 -4.211213625539219 0
7.404652603539037 -31.295975440833708 0
2.2706896960968246 -6.624910904254931 0
-15.710476963829219 -8.566149318613409 0
-3.027359612017269 2.3933714638606056 0
0.6100218553060981 0.0432323254202005 0
-5.412061089328175 5.517365176429374 0
1.092851418829862 3.8453040566688115 0
10.970947877929396 -3.1759530684276607 0
-10.023353386111237 6.153136352028068 0
-0.08879262448521916 -3.5800081029370068 0
-11.297385392760992 -0.9783970068445758 0
-5.857989141256297 2.2034443148128315 0
-3.7538400528906446 -10.758713623131548 0
15.065528621315146 -14.266738744266597 0
1.0361910383760582 -8.728633202177651 0
-2.835221166707359 -8.651054006966707 0
########################################################
## Size: 30
########################################################
## Cluster: 1
## Density correction factor: 1.0
## Generators:
##   NormalDistribution(mean=50.0, stddev=10.0)
##   NormalDistribution(mean=50.0, stddev=10.0)
## Discards: 0 Retries left: 1000
## Density correction factor estimation: 1.0
########################################################
44.50366398297804 57.665974284808975 1
29.19336056589307 52.64620111628948 1
47.499888439447545 53.11968292415933 1
39.6057170134937 41.97965141859086 1
52.33293655591904 34.08837494151527 1
40.6083390501426 46.959502811194966 1
61.29808318910454 38.05839112721917 1
56.855552860764725 47.673102201553 1
41.06193462924479 48.56340195389952 1
41.54367474557801 50.15746053601136 1
47.75971894378511 50.86244716042188 1
60.30472910371746 11.62678814554706 1
43.603915510483276 43.72068337661506 1
43.04892219828353 54.238340963745244 1
40.78701677431758 56.07192494711326 1
52.15144043537089 43.71479980569039 1
58.6270292147278 42.929894929354205 1
40.79922893285078 63.69627049605142 1
56.071361385560074 43.22579516227357 1
44.4895887323504 34.552510345637536 1
37.59145610694256 57.25936001875158 1
57.45948983608105 58.9180077087757 1
54.25506436531942 50.435989975042396 1
50.520464009147545 47.513764064878124 1
41.84262053470382 50.86969254671975 1
55.055274523924076 57.06362575648966 1
40.58162273761326 41.03643423346554 1
47.511817458065316 65.02131152423811 1
39.28731987345167 46.10224080966635 1
50.29230832003918 59.66910796100096 1
########################################################
## Size: 30
########################################################
## Cluster: 2
## Density correction factor: 1.0
## Generators:
##   NormalDistribution(mean=100.0, stddev=10.0)
##   NormalDistribution(mean=100.0, stddev=10.0)
## Discards: 0 Retries left: 1000
## Density correction factor estimation: 1.0
########################################################
101.75552909610045 70.59707385079105 2
117.55994740479044 100.76717761220532 2
95.89077146731725 105.9167340566018 2
86.13043782065263 93.55378696166899 2
102.77619659874341 81.44564181303305 2
106.17706375033767 81.85469895851249 2
116.23493995807546 95.24412510094172 2
98.65556436189381 86.82058465652456 2
86.13766426924761 99.50737279528012 2
129.00401632591965 108.50869542047776 2
120.12374695174097 109.8160739975255 2
101.38001691399194 109.05077032310194 2
102.61798899632372 87.05850803008012 2
91.74662525341591 103.10704447710869 2
90.62973383095897 109.92931797951039 2
89.13738525914984 101.80158298290097 2
104.0440318615138 99.9056844666326 2
90.47422897429003 103.78499715437111 2
100.68045921237245 109.87359354598011 2
87.85807646467197 96.97525932885786 2
103.02165924964146 84.9466346047021 2
91.0430528883055 85.36513143512703 2
92.32312344129224 113.49734719263503 2
92.27039385735465 98.51880733390837 2
91.28547528165424 109.20528287612144 2
108.81586868802387 91.46759090381629 2
114.7430212959649 85.89464627707692 2
109.6931514897967 90.0292701805087 2
103.31515252489778 101.33368459026897 2
95.17382092156822 82.92122090793522 2
########################################################
## Number of clusters: 3
########################################################
## Size: 60
########################################################
## Cluster: 0
## Density correction factor: 1.0
## Generators:
##   NormalDistribution(mean=0.0, stddev=10.0)
##   NormalDistribution(mean=0.0, stddev=10.0)
## Discards: 0 Retries left: 1000
## Density correction factor estimation: 1.0
########################################################
20.8119273751133 -3.5897997256242977 0
-2.169931182687307 -3.3596795387945817 0
-2.8841547313434694 -12.699588733704775 0
-19.391443962311303 -12.521320105154816 0
5.686863704341473 30.668167454576366 0
5.568923361120943 1.431229944474874 0
-2.4850512939273077 10.580306025463726 0
-8.905307456643335 9.588826841500946 0
6.950752508034329 -1.9628008903139609 0
6.4478391964616915 -8.826524260734242 0
-7.578114091247751 -21.941021806556744 0
3.310521961809216 -10.532113597934798 0
3.38265179589947 -10.226367101311522 0
-3.198800441196585 -4.211213625539219 0
7.404652603539037 -31.295975440833708 0
2.2706896960968246 -6.624910904254931 0
-15.710476963829219 -8.566149318613409 0
-3.027359612017269 2.3933714638606056 0
0.6100218553060981 0.0432323254202005 0
-5.412061089328175 5.517365176429374 0
1.092851418829862 3.8453040566688115 0
10.970947877929396 -3.1759530684276607 0
-10.023353386111237 6.153136352028068 0
-0.08879262448521916 -3.5800081029370068 0
-11.297385392760992 -0.9783970068445758 0
-5.857989141256297 2.2034443148128315 0
-3.7538400528906446 -10.758713623131548 0
15.065528621315146 -14.266738744266597 0
1.0361910383760582 -8.728633202177651 0
-2.835221166707359 -8.651054006966707 0
-5.058939134003286 -2.541121113949514 0
-1.8853759451781091 16.250439157874506 0
0.21749900978494635 -9.447513504669057 0
7.091581891919486 -2.6828848791852438 0
-5.624304730964605 4.178883413798207 0
26.95212929366754 0.6144422152735182 0
-5.3003194202337545 -3.222538423565211 0
11.727489991553174 -6.228145332888884 0
1.552050459209996 6.478248207756277 0
9.444840462345578 1.2081569082734835 0
7.469811543249293 -6.294541849642617 0
-1.2081305707056218 -16.732079478163755 0
-1.7205977151604879 -5.958698252614494 0
-12.665214484075303 10.889785185989345 0
6.294730794389216 -10.10692358392826 0
-8.288703015238816 -1.4195758773770186 0
-6.659966292028381 10.49056238239353 0
12.081388913972265 4.449550954743251 0
5.6147917367065965 -22.489724071912175 0
-0.8695860071680941 -16.888291426175847 0
2.4186003619715666 -18.996549037294713 0
-5.863868434150207 -2.3631316180742994 0
-2.7871543013511486 21.107420766539406 0
-8.592320024032054 10.41404436113991 0
-14.771380441746246 -11.07743467877932 0
3.2531645781615 -3.1559649047270666 0
-7.462016680219142 -1.34248285951923 0
3.407149621996827 -3.8576999741826383 0
14.007369765129527 -6.318436277087947 0
-17.665060028334842 -1.4089151621665874 0
########################################################
## Size: 60
########################################################
## Cluster: 1
## Density correction factor: 1.0
## Generators:
##   NormalDistribution(mean=50.0, stddev=10.0)
##   NormalDistribution(mean=50.0, stddev=10.0)
## Discards: 0 Retries left: 1000
## Density correction factor estimation: 1.0
########################################################
44.50366398297804 57.665974284808975 1
29.19336056589307 52.64620111628948 1
47.499888439447545 53.11968292415933 1
39.6057170134937 41.97965141859086 1
52.33293655591904 34.08837494151527 1
40.6083390501426 46.959502811194966 1
61.29808318910454 38.05839112721917 1
56.855552860764725 47.673102201553 1
41.06193462924479 48.56340195389952 1
41.54367474557801 50.15746053601136 1
47.75971894378511 50.86244716042188 1
60.30472910371746 11.62678814554706 1
43.603915510483276 43.72068337661506 1
43.04892219828353 54.238340963745244 1
40.78701677431758 56.07192494711326 1
52.15144043537089 43.71479980569039 1
58.6270292147278 42.929894929354205 1
40.79922893285078 63.69627049605142 1
56.071361385560074 43.22579516227357 1
44.4895887323504 34.552510345637536 1
37.59145610694256 57.25936001875158 1
57.45948983608105 58.9180077087757 1
54.25506436531942 50.435989975042396 1
50.520464009147545 47.513764064878124 1
41.84262053470382 50.86969254671975 1
55.055274523924076 57.06362575648966 1
40.58162273761326 41.03643423346554 1
47.511817458065316 65.02131152423811 1
39.28731987345167 46.10224080966635 1
50.29230832003918 59.66910796100096 1
45.85456236855082 47.40027540622667 1
73.34946338722851 42.40745048240867 1
59.66450925010287 52.185958708436196 1
40.59354676796313 59.691602092382674 1
48.797380538320574 60.65025434492995 1
56.46908763741027 30.144369194392695 1
39.07936184395376 77.72435485037948 1
52.11076674057183 44.70545721493531 1
53.751565018824095 44.87377879326116 1
61.27619310784122 57.99164032879124 1
52.94087539563314 52.30402533290632 1
36.597934896236204 45.57889791475898 1
43.404927875894565 47.36559214690971 1
36.36479740893202 54.80604891055994 1
61.31186511833103 46.75918661031815 1
47.05555804657719 47.60844166566247 1
62.00180516396671 57.71589167134727 1
42.069111613598835 37.49864487151738 1
50.82249412055485 53.129878967087905 1
55.62980532849401 45.42158755109862 1
53.21659116746102 58.31935216215324 1
60.065993304211204 44.69147715619668 1
36.304303287703256 41.90676644995477 1
50.25552494574888 48.77389998659176 1
61.97253135268469 55.507215346337084 1
46.14919576323182 36.482017834513734 1
43.13976167983832 52.40093849049792 1
36.703591018734045 59.628259410004716 1
74.85863152294979 50.122722878888574 1
41.25167400251843 53.831214682751494 1
########################################################
## Size: 60
########################################################
## Cluster: 2
## Density correction factor: 1.0
## Generators:
##   NormalDistribution(mean=100.0, stddev=10.0)
##   NormalDistribution(mean=100.0, stddev=10.0)
## Discards: 0 Retries left: 1000
## Density correction factor estimation: 1.0
########################################################
101.75552909610045 70.59707385079105 2
117.55994740479044 100.76717761220532 2
95.89077146731725 105.9167340566018 2
86.13043782065263 93.55378696166899 2
102.77619659874341 81.44564181303305 2
106.17706375033767 81.85469895851249 2
116.23493995807546 95.24412510094172 2
98.65556436189381 86.82058465652456 2
86.13766426924761 99.50737279528012 2
129.00401632591965 108.50869542047776 2
120.12374695174097 109.8160739975255 2
101.38001691399194 109.05077032310194 2
102.61798899632372 87.05850803008012 2
91.74662525341591 103.10704447710869 2
90.62973383095897 109.92931797951039 2
89.13738525914984 101.80158298290097 2
104.0440318615138 99.9056844666326 2
90.47422897429003 103.78499715437111 2
100.68045921237245 109.87359354598011 2
87.85807646467197 96.97525932885786 2
103.02165924964146 84.9466346047021 2
91.0430528883055 85.36513143512703 2
92.32312344129224 113.49734719263503 2
92.27039385735465 98.51880733390837 2
91.28547528165424 109.20528287612144 2
108.81586868802387 91.46759090381629 2
114.7430212959649 85.89464627707692 2
109.6931514897967 90.0292701805087 2
103.31515252489778 101.33368459026897 2
95.17382092156822 82.92122090793522 2
100.82609650477517 94.77194626105593 2
98.97564323102817 97.89452379571154 2
107.44047722510459 113.46508311160612 2
106.61849780944095 96.33116322861997 2
103.03942153083553 103.85885624359884 2
100.40213234264884 87.52881749184998 2
109.22919707138769 117.87377286848103 2
94.02263085934355 76.56375187789153 2
80.18950008046221 106.55936988375649 2
110.24121518065195 92.51269023090622 2
111.23909901619096 94.99044076464658 2
95.50744152850211 89.66777525028637 2
104.57625446055489 98.94642785477136 2
106.05048264514754 94.82940747959222 2
103.98130603906446 108.64371708258406 2
112.47915273951484 91.36342722339015 2
96.08092023111033 94.06499833522106 2
91.12449179682865 104.8941654149768 2
100.78764536522871 89.07492180681012 2
97.23762655912964 114.07751753658124 2
92.28026876888688 95.88355478215863 2
95.67807725644569 98.01900731886009 2
113.98449173341773 82.49728823689722 2
88.6586346952755 99.67440761282468 2
107.74327693060081 81.0674760914703 2
101.74693090801762 92.87680552161875 2
98.72902151571468 98.22143975036778 2
117.99526827676654 97.95024256074709 2
93.91132206233111 101.54699435131484 2
97.74131215291604 92.69147025072097 2
########################################################
## Number of clusters: 3
########################################################
## Size: 50
########################################################
## Cluster: 0
## Density correction factor: 1.0
## Generators:
##   NormalDistribution(mean=0.0, stddev=10.0)
##   NormalDistribution(mean=0.0, stddev=10.0)
## Discards: 0 Retries left: 1000
## Density correction factor estimation: 1.0
########################################################
20.8119273751133 -3.5897997256242977 0
-2.169931182687307 -3.3596795387945817 0
-2.8841547313434694 -12.699588733704775 0
-19.391443962311303 -12.521320105154816 0
5.686863704341473 30.668167454576366 0
5.568923361120943 1.431229944474874 0
-2.4850512939273077 10.580306025463726 0
-8.905307456643335 9.588826841500946 0
6.950752508034329 -1.9628008903139609 0
6.4478391964616915 -8.826524260734242 0
-7.578114091247751 -21.941021806556744 0
3.310521961809216 -10.532113597934798 0
3.38265179589947 -10.226367101311522 0
-3.198800441196585 -4.211213625539219 0
7.404652603539037 -31.295975440833708 0
2.2706896960968246 -6.624910904254931 0
-15.710476963829219 -8.566149318613409 0
-3.027359612017269 2.3933714638606056 0
0.6100218553060981 0.0432323254202005 0
-5.412061089328175 5.517365176429374 0
1.092851418829862 3.8453040566688115 0
10.970947877929396 -3.1759530684276607 0
-10.023353386111237 6.153136352028068 0
-0.08879262448521916 -3.5800081029370068 0
-11.297385392760992 -0.9783970068445758 0
-5.857989141256297 2.2034443148128315 0
-3.7538400528906446 -10.758713623131548 0
15.065528621315146 -14.266738744266597 0
1.0361910383760582 -8.728633202177651 0
-2.835221166707359 -8.651054006966707 0
-5.058939134003286 -2.541121113949514 0
-1.8853759451781091 16.250439157874506 0
0.21749900978494635 -9.447513504669057 0
7.091581891919486 -2.6828848791852438 0
-5.624304730964605 4.178883413798207 0
26.95212929366754 0.6144422152735182 0
-5.3003194202337545 -3.222538423565211 0
11.727489991553174 -6.228145332888884 0
1.552050459209996 6.478248207756277 0
9.444840462345578 1.2081569082734835 0
7.469811543249293 -6.294541849642617 0
-1.2081305707056218 -16.732079478163755 0
-1.7205977151604879 -5.958698252614494 0
-12.665214484075303 10.889785185989345 0
6.294730794389216 -10.10692358392826 0
-8.288703015238816 -1.4195758773770186 0
-6.659966292028381 10.49056238239353 0
12.081388913972265 4.449550954743251 0
5.6147917367065965 -22.489724071912175 0
-0.8695860071680941 -16.888291426175847 0
########################################################
## Size: 50
########################################################
## Cluster: 1
## Density correction factor: 1.0
## Generators:
##   NormalDistribution(mean=50.0, stddev=10.0)
##   NormalDistribution(mean=50.0, stddev=10.0)
## Discards: 0 Retries left: 1000
## Density correction factor estimation: 1.0
########################################################
44.50366398297804 57.665974284808975 1
29.19336056589307 52.64620111628948 1
47.499888439447545 53.11968292415933 1
39.6057170134937 41.97965141859086 1
52.33293655591904 34.08837494151527 1
40.6083390501426 46.959502811194966 1
61.29808318910454 38.05839112721917 1
56.855552860764725 47.673102201553 1
41.06193462924479 48.56340195389952 1
41.54367474557801 50.15746053601136 1
47.75971894378511 50.86244716042188 1
60.30472910371746 11.62678814554706 1
43.603915510483276 43.72068337661506 1
43.04892219828353 54.238340963745244 1
40.78701677431758 56.07192494711326 1
52.15144043537089 43.71479980569039 1
58.6270292147278 42.929894929354205 1
40.79922893285078 63.69627049605142 1
56.071361385560074 43.22579516227357 1
44.4895887323504 34.552510345637536 1
37.59145610694256 57.25936001875158 1
57.45948983608105 58.9180077087757 1
54.25506436531942 50.435989975042396 1
50.520464009147545 47.513764064878124 1
41.84262053470382 50.86969254671975 1
55.055274523924076 57.06362575648966 1
40.58162273761326 41.03643423346554 1
47.511817458065316 65.02131152423811 1
39.28731987345167 46.10224080966635 1
50.29230832003918 59.66910796100096 1
45.85456236855082 47.40027540622667 1
73.34946338722851 42.40745048240867 1
59.66450925010287 52.185958708436196 1
40.59354676796313 59.691602092382674 1
48.797380538320574 60.65025434492995 1
56.46908763741027 30.144369194392695 1
39.07936184395376 77.72435485037948 1
52.11076674057183 44.70545721493531 1
53.751565018824095 44.87377879326116 1
61.27619310784122 57.99164032879124 1
52.94087539563314 52.30402533290632 1
36.597934896236204 45.57889791475898 1
43.404927875894565 47.36559214690971 1
36.36479740893202 54.80604891055994 1
61.31186511833103 46.75918661031815 1
47.05555804657719 47.60844166566247 1
62.00180516396671 57.71589167134727 1
42.069111613598835 37.49864487151738 1
50.82249412055485 53.129878967087905 1
55.62980532849401 45.42158755109862 1
########################################################
## Size: 50
########################################################
## Cluster: 2
## Density correction factor: 1.0
## Generators:
##   NormalDistribution(mean=100.0, stddev=10.0)
##   NormalDistribution(mean=100.0, stddev=10.0)
## Discards: 0 Retries left: 1000
## Density correction factor estimation: 1.0
########################################################
101.75552909610045 70.59707385079105 2
117.55994740479044 100.76717761220532 2
95.89077146731725 105.9167340566018 2
86.13043782065263 93.55378696166899 2
102.77619659874341 81.44564181303305 2
106.17706375033767 81.85469895851249 2
116.23493995807546 95.24412510094172 2
98.65556436189381 86.82058465652456 2
86.13766426924761 99.50737279528012 2
129.00401632591965 108.50869542047776 2
120.12374695174097 109.8160739975255 2
101.38001691399194 109.05077032310194 2
102.61798899632372 87.05850803008012 2
91.74662525341591 103.10704447710869 2
90.62973383095897 109.92931797951039 2
89.13738525914984 101.80158298290097 2
104.0440318615138 99.9056844666326 2
90.47422897429003 103.78499715437111 2
100.68045921237245 109.87359354598011 2
87.85807646467197 96.97525932885786 2
103.02165924964146 84.9466346047021 2
91.0430528883055 85.36513143512703 2
92.32312344129224 113.49734719263503 2
92.27039385735465 98.51880733390837 2
91.28547528165424 109.20528287612144 2
108.81586868802387 91.46759090381629 2
114.7430212959649 85.89464627707692 2
109.6931514897967 90.0292701805087 2
103.31515252489778 101.33368459026897 2
95.17382092156822 82.92122090793522 2
100.82609650477517 94.77194626105593 2
98.97564323102817 97.89452379571154 2
107.44047722510459 113.46508311160612 2
106.61849780944095 96.33116322861997 2
103.03942153083553 103.85885624359884 2
100.40213234264884 87.52881749184998 2
109.22919707138769 117.87377286848103 2
94.02263085934355 76.56375187789153 2
80.18950008046221 106.55936988375649 2
110.24121518065195 92.51269023090622 2
111.23909901619096 94.99044076464658 2
95.50744152850211 89.66777525028637 2
104.57625446055489 98.94642785477136 2
106.05048264514754 94.82940747959222 2
103.98130603906446 108.64371708258406 2
112.47915273951484 91.36342722339015 2
96.08092023111033 94.06499833522106 2
91.12449179682865 104.8941654149768 2
100.78764536522871 89.07492180681012 2
97.23762655912964 114.07751753658124 2
########################################################
## Number of clusters: 3
########################################################
## Size: 40
########################################################
## Cluster: 0
## Density correction factor: 1.0
## Generators:
##   NormalDistribution(mean=0.0, stddev=10.0)
##   NormalDistribution(mean=0.0, stddev=10.0)
## Discards: 0 Retries left: 1000
## Density correction factor estimation: 1.0
########################################################
20.8119273751133 -3.5897997256242977 0
-2.169931182687307 -3.3596795387945817 0
-2.8841547313434694 -12.699588733704775 0
-19.391443962311303 -12.521320105154816 0
5.686863704341473 30.668167454576366 0
5.568923361120943 1.431229944474874 0
-2.4850512939273077 10.580306025463726 0
-8.905307456643335 9.588826841500946 0
6.950752508034329 -1.9628008903139609 0
6.4478391964616915 -8.826524260734242 0
-7.578114091247751 -21.941021806556744 0
3.310521961809216 -10.532113597934798 0
3.38265179589947 -10.226367101311522 0
-3.198800441196585 -4.211213625539219 0
7.404652603539037 -31.295975440833708 0
2.2706896960968246 -6.624910904254931 0
-15.710476963829219 -8.566149318613409 0
-3.027359612017269 2.3933714638606056 0
0.6100218553060981 0.0432323254202005 0
-5.412061089328175 5.517365176429374 0
1.092851418829862 3.8453040566688115 0
10.970947877929396 -3.1759530684276607 0
-10.023353386111237 6.153136352028068 0
-0.08879262448521916 -3.5800081029370068 0
-11.297385392760992 -0.9783970068445758 0
-5.857989141256297 2.2034443148128315 0
-3.7538400528906446 -10.758713623131548 0
15.065528621315146 -14.266738744266597 0
1.0361910383760582 -8.728633202177651 0
-2.835221166707359 -8.651054006966707 0
-5.058939134003286 -2.541121113949514 0
-1.8853759451781091 16.250439157874506 0
0.21749900978494635 -9.447513504669057 0
7.091581891919486 -2.6828848791852438 0
-5.624304730964605 4.178883413798207 0
26.95212929366754 0.6144422152735182 0
-5.3003194202337545 -3.222538423565211 0
11.727489991553174 -6.228145332888884 0
1.552050459209996 6.478248207756277 0
9.444840462345578 1.2081569082734835 0
########################################################
## Size: 40
########################################################
## Cluster: 1
## Density correction factor: 1.0
## Generators:
##   NormalDistribution(mean=50.0, stddev=10.0)
##   NormalDistribution(mean=50.0, stddev=10.0)
## Discards: 0 Retries left: 1000
## Density correction factor estimation: 1.0
########################################################
44.50366398297804 57.665974284808975 1
29.19336056589307 52.64620111628948 1
47.499888439447545 53.11968292415933 1
39.6057170134937 41.97965141859086 1
52.33293655591904 34.08837494151527 1
40.6083390501426 46.959502811194966 1
61.29808318910454 38.05839112721917 1
56.855552860764725 47.673102201553 1
41.06193462924479 48.56340195389952 1
41.54367474557801 50.15746053601136 1
47.75971894378511 50.86244716042188 1
60.30472910371746 11.62678814554706 1
43.603915510483276 43.72068337661506 1
43.04892219828353 54.238340963745244 1
40.78701677431758 56.07192494711326 1
52.15144043537089 43.71479980569039 1
58.6270292147278 42.929894929354205 1
40.79922893285078 63.69627049605142 1
56.071361385560074 43.22579516227357 1
44.4895887323504 34.552510345637536 1
37.59145610694256 57.25936001875158 1
57.45948983608105 58.9180077087757 1
54.25506436531942 50.435989975042396 1
50.520464009147545 47.513764064878124 1
41.84262053470382 50.86969254671975 1
55.055274523924076 57.06362575648966 1
40.58162273761326 41.03643423346554 1
47.511817458065316 65.02131152423811 1
39.28731987345167 46.10224080966635 1
50.29230832003918 59.66910796100096 1
45.85456236855082 47.40027540622667 1
73.34946338722851 42.40745048240867 1
59.66450925010287 52.185958708436196 1
40.59354676796313 59.691602092382674 1
48.797380538320574 60.65025434492995 1
56.46908763741027 30.144369194392695 1
39.07936184395376 77.72435485037948 1
52.11076674057183 44.70545721493531 1
53.751565018824095 44.87377879326116 1
61.27619310784122 57.99164032879124 1
########################################################
## Size: 40
########################################################
## Cluster: 2
## Density correction factor: 1.0
## Generators:
##   NormalDistribution(mean=100.0, stddev=10.0)
##   NormalDistribution(mean=100.0, stddev=10.0)
## Discards: 0 Retries left: 1000
## Density correction factor estimation: 1.0
########################################################
101.75552909610045 70.59707385079105 2
117.55994740479044 100.76717761220532 2
95.89077146731725 105.9167340566018 2
86.13043782065263 93.55378696166899 2
102.77619659874341 81.44564181303305 2
106.17706375033767 81.85469895851249 2
116.23493995807546 95.24412510094172 2
98.65556436189381 86.82058465652456 2
86.13766426924761 99.50737279528012 2
129.00401632591965 108.50869542047776 2
120.12374695174097 109.8160739975255 2
101.38001691399194 109.05077032310194 2
102.61798899632372 87.05850803008012 2
91.74662525341591 103.10704447710869 2
90.62973383095897 109.92931797951039 2
89.13738525914984 101.80158298290097 2
104.0440318615138 99.9056844666326 2
90.47422897429003 103.78499715437111 2
100.68045921237245 109.87359354598011 2
87.85807646467197 96.97525932885786 2
103.02165924964146 84.9466346047021 2
91.0430528883055 85.36513143512703 2
92.32312344129224 113.49734719263503 2
92.27039385735465 98.51880733390837 2
91.28547528165424 109.20528287612144 2
108.81586868802387 91.46759090381629 2
114.7430212959649 85.89464627707692 2
109.6931514897967 90.0292701805087 2
103.31515252489778 101.33368459026897 2
95.17382092156822 82.92122090793522 2
100.82609650477517 94.77194626105593 2
98.97564323102817 97.89452379571154 2
107.44047722510459 113.46508311160612 2
106.61849780944095 96.33116322861997 2
103.03942153083553 103.85885624359884 2
100.40213234264884 87.52881749184998 2
109.22919707138769 117.87377286848103 2
94.02263085934355 76.56375187789153 2
80.18950008046221 106.55936988375649 2
110.24121518065195 92.51269023090622 2
########################################################
## Number of clusters: 3
########################################################
## Size: 35
########################################################
## Cluster: 0
## Density correction factor: 1.0
## Generators:
##   NormalDistribution(mean=0.0, stddev=10.0)
##   NormalDistribution(mean=0.0, stddev=10.0)
## Discards: 0 Retries left: 1000
## Density correction factor estimation: 1.0
########################################################
20.8119273751133 -3.5897997256242977 0
-2.169931182687307 -3.3596795387945817 0
-2.8841547313434694 -12.699588733704775 0
-19.391443962311303 -12.521320105154816 0
5.686863704341473 30.668167454576366 0
5.568923361120943 1.431229944474874 0
-2.4850512939273077 10.580306025463726 0
-8.905307456643335 9.588826841500946 0
6.950752508034329 -1.9628008903139609 0
6.4478391964616915 -8.826524260734242 0
-7.578114091247751 -21.941021806556744 0
3.310521961809216 -10.532113597934798 0
3.38265179589947 -10.226367101311522 0
-3.198800441196585 -4.211213625539219 0
7.404652603539037 -31.295975440833708 0
2.2706896960968246 -6.624910904254931 0
-15.710476963829219 -8.566149318613409 0
-3.027359612017269 2.3933714638606056 0
0.6100218553060981 0.0432323254202005 0
-5.412061089328175 5.517365176429374 0
1.092851418829862 3.8453040566688115 0
10.970947877929396 -3.1759530684276607 0
-10.023353386111237 6.153136352028068 0
-0.08879262448521916 -3.5800081029370068 0
-11.297385392760992 -0.9783970068445758 0
-5.857989141256297 2.2034443148128315 0
-3.7538400528906446 -10.758713623131548 0
15.065528621315146 -14.266738744266597 0
1.0361910383760582 -8.728633202177651 0
-2.835221166707359 -8.651054006966707 0
-5.058939134003286 -2.541121113949514 0
-1.8853759451781091 16.250439157874506 0
0.21749900978494635 -9.447513504669057 0
7.091581891919486 -2.6828848791852438 0
-5.624304730964605 4.178883413798207 0
########################################################
## Size: 35
########################################################
## Cluster: 1
## Density correction factor: 1.0
## Generators:
##   NormalDistribution(mean=50.0, stddev=10.0)
##   NormalDistribution(mean=50.0, stddev=10.0)
## Discards: 0 Retries left: 1000
## Density correction factor estimation: 1.0
########################################################
44.50366398297804 57.665974284808975 1
29.19336056589307 52.64620111628948 1
47.499888439447545 53.11968292415933 1
39.6057170134937 41.97965141859086 1
52.33293655591904 34.08837494151527 1
40.6083390501426 46.959502811194966 1
61.29808318910454 38.05839112721917 1
56.855552860764725 47.673102201553 1
41.06193462924479 48.56340195389952 1
41.54367474557801 50.15746053601136 1
47.75971894378511 50.86244716042188 1
60.30472910371746 11.62678814554706 1
43.603915510483276 43.72068337661506 1
43.04892219828353 54.238340963745244 1
40.78701677431758 56.07192494711326 1
52.15144043537089 43.71479980569039 1
58.6270292147278 42.929894929354205 1
40.79922893285078 63.69627049605142 1
56.071361385560074 43.22579516227357 1
44.4895887323504 34.552510345637536 1
37.59145610694256 57.25936001875158 1
57.45948983608105 58.9180077087757 1
54.25506436531942 50.435989975042396 1
50.520464009147545 47.513764064878124 1
41.84262053470382 50.86969254671975 1
55.055274523924076 57.06362575648966 1
40.58162273761326 41.03643423346554 1
47.511817458065316 65.02131152423811 1
39.28731987345167 46.10224080966635 1
50.29230832003918 59.66910796100096 1
45.85456236855082 47.40027540622667 1
73.34946338722851 42.40745048240867 1
59.66450925010287 52.185958708436196 1
40.59354676796313 59.691602092382674 1
48.797380538320574 60.65025434492995 1
########################################################
## Size: 35
########################################################
## Cluster: 2
## Density correction factor: 1.0
## Generators:
##   NormalDistribution(mean=100.0, stddev=10.0)
##   NormalDistribution(mean=100.0, stddev=10.0)
## Discards: 0 Retries left: 1000
## Density correction factor estimation: 1.0
########################################################
101.75552909610045 70.59707385079105 2
117.55994740479044 100.76717761220532 2
95.89077146731725 105.9167340566018 2
86.13043782065263 93.55378696166899 2
102.77619659874341 81.44564181303305 2
106.17706375033767 81.85469895851249 2
116.23493995807546 95.24412510094172 2
98.65556436189381 86.82058465652456 2
86.13766426924761 99.50737279528012 2
129.00401632591965 108.50869542047776 2
120.12374695174097 109.8160739975255 2
101.38001691399194 109.05077032310194 2
102.61798899632372 87.05850803008012 2
91.74662525341591 103.10704447710869 2
90.62973383095897 109.92931797951039 2
89.13738525914984 101.80158298290097 2
104.0440318615138 99.9056844666326 2
90.47422897429003 103.78499715437111 2
100.68045921237245 109.87359354598011 2
87.85807646467197 96.97525932885786 2
103.02165924964146 84.9466346047021 2
91.0430528883055 85.36513143512703 2
92.32312344129224 113.49734719263503 2
92.27039385735465 98.51880733390837 2
91.28547528165424 109.20528287612144 2
108.81586868802387 91.46759090381629 2
114.7430212959649 85.89464627707692 2
109.6931514897967 90.0292701805087 2
103.31515252489778 101.33368459026897 2
95.17382092156822 82.92122090793522 2
100.82609650477517 94.77194626105593 2
98.97564323102817 97.89452379571154 2
107.44047722510459 113.46508311160612 2
106.61849780944095 96.33116322861997 2
103.03942153083553 103.85885624359884 2
########################################################
## Number of clusters: 3
########################################################
## Size: 30
########################################################
## Cluster: 0
## Density correction factor: 1.0
## Generators:
##   NormalDistribution(mean=0.0, stddev=10.0)
##   NormalDistribution(mean=0.0, stddev=10.0)
## Discards: 0 Retries left: 1000
## Density correction factor estimation: 1.0
########################################################
20.8119273751133 -3.5897997256242977 0
-2.169931182687307 -3.3596795387945817 0
-2.8841547313434694 -12.699588733704775 0
-19.391443962311303 -12.521320105154816 0
5.686863704341473 30.668167454576366 0
5.568923361120943 1.431229944474874 0
-2.4850512939273077 10.580306025463726 0
-8.905307456643335 9.588826841500946 0
6.950752508034329 -1.9628008903139609 0
6.4478391964616915 -8.826524260734242 0
-7.578114091247751 -21.941021806556744 0
3.310521961809216 -10.532113597934798 0
3.38265179589947 -10.226367101311522 0
-3.198800441196585 -4.211213625539219 0
7.404652603539037 -31.295975440833708 0
2.2706896960968246 -6.624910904254931 0
-15.710476963829219 -8.566149318613409 0
-3.027359612017269 2.3933714638606056 0
0.6100218553060981 0.0432323254202005 0
-5.412061089328175 5.517365176429374 0
1.092851418829862 3.8453040566688115 0
10.970947877929396 -3.1759530684276607 0
-10.023353386111237 6.153136352028068 0
-0.08879262448521916 -3.5800081029370068 0
-11.297385392760992 -0.9783970068445758 0
-5.857989141256297 2.2034443148128315 0
-3.7538400528906446 -10.758713623131548 0
15.065528621315146 -14.266738744266597 0
1.0361910383760582 -8.728633202177651 0
-2.835221166707359 -8.651054006966707 0
########################################################
## Size: 30
########################################################
## Cluster: 1
## Density correction factor: 1.0
## Generators:
##   NormalDistribution(mean=50.0, stddev=10.0)
##   NormalDistribution(mean=50.0, stddev=10.0)
## Discards: 0 Retries left: 1000
## Density correction factor estimation: 1.0
########################################################
44.50366398297804 57.665974284808975 1
29.19336056589307 52.64620111628948 1
47.499888439447545 53.11968292415933 1
39.6057170134937 41.97965141859086 1
52.33293655591904 34.08837494151527 1
40.6083390501426 46.959502811194966 1
61.29808318910454 38.05839112721917 1
56.855552860764725 47.673102201553 1
41.06193462924479 48.56340195389952 1
41.54367474557801 50.15746053601136 1
47.75971894378511 50.86244716042188 1
60.30472910371746 11.62678814554706 1
43.603915510483276 43.72068337661506 1
43.04892219828353 54.238340963745244 1
40.78701677431758 56.07192494711326 1
52.15144043537089 43.71479980569039 1
58.6270292147278 42.929894929354205 1
40.79922893285078 63.69627049605142 1
56.071361385560074 43.22579516227357 1
44.4895887323504 34.552510345637536 1
37.59145610694256 57.25936001875158 1
57.45948983608105 58.9180077087757 1
54.25506436531942 50.435989975042396 1
50.520464009147545 47.513764064878124 1
41.84262053470382 50.86969254671975 1
55.055274523924076 57.06362575648966 1
40.58162273761326 41.03643423346554 1
47.511817458065316 65.02131152423811 1
39.28731987345167 46.10224080966635 1
50.29230832003918 59.66910796100096 1
########################################################
## Size: 30
########################################################
## Cluster: 2
## Density correction factor: 1.0
## Generators:
##   NormalDistribution(mean=100.0, stddev=10.0)
##   NormalDistribution(mean=100.0, stddev=10.0)
## Discards: 0 Retries left: 1000
## Density correction factor estimation: 1.0
########################################################
101.75552909610045 70.59707385079105 2
117.55994740479044 100.76717761220532 2
95.89077146731725 105.9167340566018 2
86.13043782065263 93.55378696166899 2
102.77619659874341 81.44564181303305 2
106.17706375033767 81.85469895851249 2
116.23493995807546 95.24412510094172 2
98.65556436189381 86.82058465652456 2
86.13766426924761 99.50737279528012 2
129.00401632591965 108.50869542047776 2
120.12374695174097 109.8160739975255 2
101.38001691399194 109.05077032310194 2
102.61798899632372 87.05850803008012 2
91.74662525341591 103.10704447710869 2
90.62973383095897 109.92931797951039 2
89.13738525914984 101.80158298290097 2
104.0440318615138 99.9056844666326 2
90.47422897429003 103.78499715437111 2
100.68045921237245 109.87359354598011 2
87.85807646467197 96.97525932885786 2
103.02165924964146 84.9466346047021 2
91.0430528883055 85.36513143512703 2
92.32312344129224 113.49734719263503 2
92.27039385735465 98.51880733390837 2
91.28547528165424 109.20528287612144 2
108.81586868802387 91.46759090381629 2
114.7430212959649 85.89464627707692 2
109.6931514897967 90.0292701805087 2
103.31515252489778 101.33368459026897 2
95.17382092156822 82.92122090793522 2
########################################################
## Number of clusters: 3
########################################################
## Size: 35
########################################################
## Cluster: 0
## Density correction factor: 1.0
## Generators:
##   NormalDistribution(mean=0.0, stddev=10.0)
##   NormalDistribution(mean=0.0, stddev=10.0)
## Discards: 0 Retries left: 1000
## Density correction factor estimation: 1.0
########################################################
20.8119273751133 -3.5897997256242977 0
-2.169931182687307 -3.3596795387945817 0
-2.8841547313434694 -12.699588733704775 0
-19.391443962311303 -12.521320105154816 0
5.686863704341473 30.668167454576366 0
5.568923361120943 1.431229944474874 0
-2.4850512939273077 10.580306025463726 0
-8.905307456643335 9.588826841500946 0
6.950752508034329 -1.9628008903139609 0
6.4478391964616915 -8.826524260734242 0
-7.578114091247751 -21.941021806556744 0
3.310521961809216 -10.532113597934798 0
3.38265179589947 -10.226367101311522 0
-3.198800441196585 -4.211213625539219 0
7.404652603539037 -31.295975440833708 0
2.2706896960968246 -6.624910904254931 0
-15.710476963829219 -8.566149318613409 0
-3.027359612017269 2.3933714638606056 0
0.6100218553060981 0.0432323254202005 0
-5.412061089328175 5.517365176429374 0
1.092851418829862 3.8453040566688115 0
10.970947877929396 -3.1759530684276607 0
-10.023353386111237 6.153136352028068 0
-0.08879262448521916 -3.5800081029370068 0
-11.297385392760992 -0.9783970068445758 0
-5.857989141256297 2.2034443148128315 0
-3.7538400528906446 -10.758713623131548 0
15.065528621315146 -14.266738744266597 0
1.0361910383760582 -8.728633202177651 0
-2.835221166707359 -8.651054006966707 0
-5.058939134003286 -2.541121113949514 0
-1.8853759451781091 16.250439157874506 0
0.21749900978494635 -9.447513504669057 0
7.091581891919486 -2.6828848791852438 0
-5.624304730964605 4.178883413798207 0
########################################################
## Size: 35
########################################################
## Cluster: 1
## Density correction factor: 1.0
## Generators:
##   NormalDistribution(mean=50.0, stddev=10.0)
##   NormalDistribution(mean=50.0, stddev=10.0)
## Discards: 0 Retries left: 1000
## Density correction factor estimation: 1.0
########################################################
44.50366398297804 57.665974284808975 1
29.19336056589307 52.64620111628948 1
47.499888439447545 53.11968292415933 1
39.6057170134937 41.97965141859086 1
52.33293655591904 34.08837494151527 1
40.6083390501426 46.959502811194966 1
61.29808318910454 38.05839112721917 1
56.855552860764725 47.673102201553 1
41.06193462924479 48.56340195389952 1
41.54367474557801 50.15746053601136 1
47.75971894378511 50.86244716042188 1
60.30472910371746 11.62678814554706 1
43.603915510483276 43.72068337661506 1
43.04892219828353 54.238340963745244 1
40.78701677431758 56.07192494711326 1
52.15144043537089 43.71479980569039 1
58.6270292147278 42.929894929354205 1
40.79922893285078 63.69627049605142 1
56.071361385560074 43.22579516227357 1
44.4895887323504 34.552510345637536 1
37.59145610694256 57.25936001875158 1
57.45948983608105 58.9180077087757 1
54.25506436531942 50.435989975042396 1
50.520464009147545 47.513764064878124 1
41.84262053470382 50.86969254671975 1
55.055274523924076 57.06362575648966 1
40.58162273761326 41.03643423346554 1
47.511817458065316 65.02131152423811 1
39.28731987345167 46.10224080966635 1
50.29230832003918 59.66910796100096 1
45.85456236855082 47.40027540622667 1
73.34946338722851 42.40745048240867 1
59.66450925010287 52.185958708436196 1
40.59354676796313 59.691602092382674 1
48.797380538320574 60.65025434492995 1
########################################################
## Size: 35
########################################################
## Cluster: 2
## Density correction factor: 1.0
## Generators:
##   NormalDistribution(mean=100.0, stddev=10.0)
##   NormalDistribution(mean=100.0, stddev=10.0)
## Discards: 0 Retries left: 1000
## Density correction factor estimation: 1.0
########################################################
101.75552909610045 70.59707385079105 2
117.55994740479044 100.76717761220532 2
95.89077146731725 105.9167340566018 2
86.13043782065263 93.55378696166899 2
102.77619659874341 81.44564181303305 2
106.17706375033767 81.85469895851249 2
116.23493995807546 95.24412510094172 2
98.65556436189381 86.82058465652456 2
86.13766426924761 99.50737279528012 2
129.00401632591965 108.50869542047776 2
120.12374695174097 109.8160739975255 2
101.38001691399194 109.05077032310194 2
102.61798899632372 87.05850803008012 2
91.74662525341591 103.10704447710869 2
90.62973383095897 109.92931797951039 2
89.13738525914984 101.80158298290097 2
104.0440318615138 99.9056844666326 2
90.47422897429003 103.78499715437111 2
100.68045921237245 109.87359354598011 2
87.85807646467197 96.97525932885786 2
103.02165924964146 84.9466346047021 2
91.0430528883055 85.36513143512703 2
92.32312344129224 113.49734719263503 2
92.27039385735465 98.51880733390837 2
91.28547528165424 109.20528287612144 2
108.81586868802387 91.46759090381629 2
114.7430212959649 85.89464627707692 2
109.6931514897967 90.0292701805087 2
103.31515252489778 101.33368459026897 2
95.17382092156822 82.92122090793522 2
100.82609650477517 94.77194626105593 2
98.97564323102817 97.89452379571154 2
107.44047722510459 113.46508311160612 2
106.61849780944095 96.33116322861997 2
103.03942153083553 103.85885624359884 2
